[app/ui]
version = 8.2.5
modtime = 1648653891.260815000

[app/launcher]
version = 8.2.5
modtime = 1648653891.261630000
