[app/ui]
version = 8.2.5
modtime = 1648653891.260815000

[app/launcher]
version = 8.2.5
modtime = 1648653891.261630000

[app/install/install_source_checksum]
version = 8.2.5
modtime = 1648654906.034099000

[lookups/n_assets.csv]
owner = admin
version = 8.2.5
modtime = 1648655350.193186000
